{
 "cells": [
  {
   "cell_type": "code",
   "execution_count": 1,
   "id": "12b09492-c447-41af-a858-835e069a9350",
   "metadata": {
    "tags": []
   },
   "outputs": [],
   "source": [
    "import sys\n",
    "\n",
    "sys.path.append(\"..\")\n",
    "import pickle as pkl\n",
    "from copy import deepcopy\n",
    "from dataclasses import asdict, is_dataclass\n",
    "from itertools import product\n",
    "\n",
    "import numpy as np\n",
    "import pandas as pd\n",
    "import plotly.express as px\n",
    "import plotly.io as pio\n",
    "from dacite import from_dict\n",
    "from ipywidgets import interact\n",
    "from scipy.spatial.transform import Rotation\n",
    "from tqdm.auto import tqdm\n",
    "\n",
    "from calibration.benchmark.benchmark import BenchmarkResult, benchmark_simul\n",
    "from calibration.feature_detector.visualization import show_boards, show_corners\n",
    "from calibration.projector.board import gen_charuco_grid, gen_checkerboard_grid\n",
    "from calibration.projector.camera import Camera\n",
    "\n",
    "# pio.renderers.default = \"svg\"\n",
    "from calibration.projector.projector import Projector\n",
    "from calibration.solver.solve import solve\n",
    "\n",
    "%load_ext autoreload\n",
    "%autoreload 2"
   ]
  },
  {
   "cell_type": "code",
   "execution_count": 2,
   "id": "12e1e346-42cd-4556-9adb-51ed4e44321b",
   "metadata": {
    "tags": []
   },
   "outputs": [],
   "source": [
    "with open(\"../simul_results.pkl\", \"rb\") as f:\n",
    "    results = pkl.load(f)"
   ]
  },
  {
   "cell_type": "code",
   "execution_count": 33,
   "id": "7adce791-d1e8-4590-ad40-2156d350df7e",
   "metadata": {
    "tags": []
   },
   "outputs": [],
   "source": [
    "df = pd.json_normalize([asdict(o) for o in results])"
   ]
  },
  {
   "cell_type": "code",
   "execution_count": 34,
   "id": "0978c23c-7593-442f-a755-65b60b02d20a",
   "metadata": {
    "tags": []
   },
   "outputs": [
    {
     "name": "stdout",
     "output_type": "stream",
     "text": [
      "<class 'pandas.core.frame.DataFrame'>\n",
      "RangeIndex: 100000 entries, 0 to 99999\n",
      "Data columns (total 17 columns):\n",
      " #   Column                          Non-Null Count   Dtype  \n",
      "---  ------                          --------------   -----  \n",
      " 0   error                           100000 non-null  float64\n",
      " 1   input.R                         100000 non-null  object \n",
      " 2   input.t                         100000 non-null  object \n",
      " 3   input.lambdas                   100000 non-null  object \n",
      " 4   input.camera.focal_length       100000 non-null  float64\n",
      " 5   input.camera.sensor_size        100000 non-null  object \n",
      " 6   input.camera.resolution         100000 non-null  object \n",
      " 7   input.camera.skew               100000 non-null  float64\n",
      " 8   features.board                  100000 non-null  object \n",
      " 9   features.corners                100000 non-null  object \n",
      " 10  prediction.R                    100000 non-null  object \n",
      " 11  prediction.t                    100000 non-null  object \n",
      " 12  prediction.lambdas              100000 non-null  object \n",
      " 13  prediction.camera.focal_length  100000 non-null  float64\n",
      " 14  prediction.camera.sensor_size   100000 non-null  object \n",
      " 15  prediction.camera.resolution    100000 non-null  object \n",
      " 16  prediction.camera.skew          100000 non-null  float64\n",
      "dtypes: float64(5), object(12)\n",
      "memory usage: 13.0+ MB\n"
     ]
    }
   ],
   "source": [
    "df.info()"
   ]
  },
  {
   "cell_type": "code",
   "execution_count": 35,
   "id": "caec844c-4670-4a71-99f2-e474e5dbb6f4",
   "metadata": {
    "tags": []
   },
   "outputs": [],
   "source": [
    "for i in range(3):\n",
    "    for j in range(3):\n",
    "        df[f\"R{i}{j}\"] = [R[i][j] for R in df[\"input.R\"]]\n",
    "    df[f\"t{i}\"] = [t[i] for t in df[\"input.t\"]]\n",
    "\n",
    "for i in range(2):\n",
    "    df[f\"lambda{i}\"] = [t[i] for t in df[\"input.lambdas\"]]"
   ]
  },
  {
   "cell_type": "code",
   "execution_count": 36,
   "id": "099f3b84-f79c-4044-9279-678822b396be",
   "metadata": {
    "tags": []
   },
   "outputs": [],
   "source": [
    "df = df.drop(columns=[\"input.R\", \"input.t\", \"input.lambdas\"])"
   ]
  },
  {
   "cell_type": "code",
   "execution_count": 37,
   "id": "6475e0bd-7fb6-49e2-a1f4-ab516ce8a25e",
   "metadata": {
    "tags": []
   },
   "outputs": [
    {
     "data": {
      "text/plain": [
       "Index(['error', 'input.camera.focal_length', 'input.camera.sensor_size',\n",
       "       'input.camera.resolution', 'input.camera.skew', 'features.board',\n",
       "       'features.corners', 'prediction.R', 'prediction.t',\n",
       "       'prediction.lambdas', 'prediction.camera.focal_length',\n",
       "       'prediction.camera.sensor_size', 'prediction.camera.resolution',\n",
       "       'prediction.camera.skew', 'R00', 'R01', 'R02', 't0', 'R10', 'R11',\n",
       "       'R12', 't1', 'R20', 'R21', 'R22', 't2', 'lambda0', 'lambda1'],\n",
       "      dtype='object')"
      ]
     },
     "execution_count": 37,
     "metadata": {},
     "output_type": "execute_result"
    }
   ],
   "source": [
    "cols = df.columns\n",
    "cols"
   ]
  },
  {
   "cell_type": "code",
   "execution_count": 38,
   "id": "e4d3f0e4-29af-4a6b-a17b-e37c85da82c5",
   "metadata": {
    "tags": []
   },
   "outputs": [],
   "source": [
    "cols = [\n",
    "    c\n",
    "    for c in cols\n",
    "    if \"input\" not in c and \"prediction\" not in c and \"features\" not in c\n",
    "]"
   ]
  },
  {
   "cell_type": "code",
   "execution_count": 39,
   "id": "dfbb1315-05c1-4263-9e21-f0f8ca392d2f",
   "metadata": {
    "tags": []
   },
   "outputs": [
    {
     "data": {
      "application/vnd.plotly.v1+json": {
       "config": {
        "plotlyServerURL": "https://plot.ly"
       },
       "data": [
        {
         "coloraxis": "coloraxis",
         "hovertemplate": "x: %{x}<br>y: %{y}<br>color: %{z}<extra></extra>",
         "name": "0",
         "type": "heatmap",
         "x": [
          "error",
          "R00",
          "R01",
          "R02",
          "t0",
          "R10",
          "R11",
          "R12",
          "t1",
          "R20",
          "R21",
          "R22",
          "t2",
          "lambda0",
          "lambda1"
         ],
         "xaxis": "x",
         "y": [
          "error",
          "R00",
          "R01",
          "R02",
          "t0",
          "R10",
          "R11",
          "R12",
          "t1",
          "R20",
          "R21",
          "R22",
          "t2",
          "lambda0",
          "lambda1"
         ],
         "yaxis": "y",
         "z": [
          [
           1,
           -0.009410638516406606,
           0.043300623767698616,
           -0.024900766019685217,
           0.026202721451643974,
           -0.0010278520982048554,
           -0.008140840288377629,
           -0.03819328812961386,
           0.009343702030217173,
           -0.03423972532071419,
           -0.03333782393811038,
           0.0745780420112863,
           0.004236225125175389,
           0.08851305089430592,
           -0.08583249219628865
          ],
          [
           -0.009410638516406606,
           1,
           0.0007590869839967623,
           0.0032067154828244395,
           -0.006674409421312245,
           0.00013267794322486024,
           0.28303770821994667,
           -0.001777992469149563,
           0.0026812257302621834,
           0.0020080460656492294,
           0.0029505635407283785,
           -0.2873851290328018,
           0.0019185972969009168,
           -0.0017831947867491794,
           0.002442563887285737
          ],
          [
           0.043300623767698616,
           0.0007590869839967623,
           1,
           -0.00488779329469254,
           0.0007431876139370396,
           -0.6359122822238139,
           0.0003009947426229671,
           -0.002879651617705676,
           -0.0031380307823648756,
           0.0011931058241055506,
           0.00028334834537291755,
           -0.0026846164307353115,
           -0.0008356832944637216,
           -0.0030264715542938614,
           0.0030279321742635807
          ],
          [
           -0.024900766019685217,
           0.0032067154828244395,
           -0.00488779329469254,
           1,
           -0.00236129835619787,
           0.006282094343741735,
           -0.001945133801511619,
           0.0004963624332499986,
           0.003596150563933727,
           0.6356266668847231,
           -0.0006187911228317139,
           -0.004883898191504115,
           0.0033785097306544398,
           0.002316484214252593,
           -0.001704828884562657
          ],
          [
           0.026202721451643974,
           -0.006674409421312245,
           0.0007431876139370396,
           -0.00236129835619787,
           1,
           -0.0016095670269731582,
           -0.008827519275831197,
           -0.004914958671653447,
           0.0018488279747390132,
           -0.0069548232467602665,
           -0.002234210410080838,
           0.002055757171419953,
           0.000447682133665603,
           -0.0006994741430466692,
           0.00093233767455753
          ],
          [
           -0.0010278520982048554,
           0.00013267794322486024,
           -0.6359122822238139,
           0.006282094343741735,
           -0.0016095670269731582,
           1,
           -0.0012572127561292941,
           0.0004318369960178429,
           -0.00046376198236416563,
           -0.0024981428226860266,
           0.0003053956243365173,
           -0.0006513791492007234,
           0.0034368880389671424,
           -0.0008857547522566635,
           0.000991499391338079
          ],
          [
           -0.008140840288377629,
           0.28303770821994667,
           0.0003009947426229671,
           -0.001945133801511619,
           -0.008827519275831197,
           -0.0012572127561292941,
           1,
           0.005065187259600575,
           0.002374386362201833,
           -0.004191673324670933,
           0.008493597061929661,
           -0.207621527286548,
           0.002320561405166269,
           0.0030901601557874548,
           -0.0034910692493449404
          ],
          [
           -0.03819328812961386,
           -0.001777992469149563,
           -0.002879651617705676,
           0.0004963624332499986,
           -0.004914958671653447,
           0.0004318369960178429,
           0.005065187259600575,
           1,
           0.0021462591938553525,
           0.0009893258173723823,
           0.7505256618178354,
           0.0001641824299052805,
           -0.004949744884501681,
           -0.001436818005974933,
           0.0016553785874812209
          ],
          [
           0.009343702030217173,
           0.0026812257302621834,
           -0.0031380307823648756,
           0.003596150563933727,
           0.0018488279747390132,
           -0.00046376198236416563,
           0.002374386362201833,
           0.0021462591938553525,
           1,
           0.0006781275493518668,
           -0.0022160468799624447,
           -0.003295621658049059,
           -0.0030977602584958447,
           0.0023883619557386574,
           -0.0024507694898708407
          ],
          [
           -0.03423972532071419,
           0.0020080460656492294,
           0.0011931058241055506,
           0.6356266668847231,
           -0.0069548232467602665,
           -0.0024981428226860266,
           -0.004191673324670933,
           0.0009893258173723823,
           0.0006781275493518668,
           1,
           0.0010844180350714511,
           -0.000965157408823031,
           0.0043120091382652034,
           0.0018931802653990451,
           -0.0020700637660559804
          ],
          [
           -0.03333782393811038,
           0.0029505635407283785,
           0.00028334834537291755,
           -0.0006187911228317139,
           -0.002234210410080838,
           0.0003053956243365173,
           0.008493597061929661,
           0.7505256618178354,
           -0.0022160468799624447,
           0.0010844180350714511,
           1,
           -0.000587999794438046,
           -0.001815248141846168,
           -0.0006133903269370629,
           0.0005839067232340353
          ],
          [
           0.0745780420112863,
           -0.2873851290328018,
           -0.0026846164307353115,
           -0.004883898191504115,
           0.002055757171419953,
           -0.0006513791492007234,
           -0.207621527286548,
           0.0001641824299052805,
           -0.003295621658049059,
           -0.000965157408823031,
           -0.000587999794438046,
           1,
           -0.0028203693579049627,
           -0.0032828291426270973,
           0.0026695533469458274
          ],
          [
           0.004236225125175389,
           0.0019185972969009168,
           -0.0008356832944637216,
           0.0033785097306544398,
           0.000447682133665603,
           0.0034368880389671424,
           0.002320561405166269,
           -0.004949744884501681,
           -0.0030977602584958447,
           0.0043120091382652034,
           -0.001815248141846168,
           -0.0028203693579049627,
           1,
           -0.002590814205439231,
           0.0018543834779057974
          ],
          [
           0.08851305089430592,
           -0.0017831947867491794,
           -0.0030264715542938614,
           0.002316484214252593,
           -0.0006994741430466692,
           -0.0008857547522566635,
           0.0030901601557874548,
           -0.001436818005974933,
           0.0023883619557386574,
           0.0018931802653990451,
           -0.0006133903269370629,
           -0.0032828291426270973,
           -0.002590814205439231,
           1,
           -0.9879465298750071
          ],
          [
           -0.08583249219628865,
           0.002442563887285737,
           0.0030279321742635807,
           -0.001704828884562657,
           0.00093233767455753,
           0.000991499391338079,
           -0.0034910692493449404,
           0.0016553785874812209,
           -0.0024507694898708407,
           -0.0020700637660559804,
           0.0005839067232340353,
           0.0026695533469458274,
           0.0018543834779057974,
           -0.9879465298750071,
           1
          ]
         ]
        }
       ],
       "layout": {
        "autosize": true,
        "coloraxis": {
         "colorscale": [
          [
           0,
           "#0d0887"
          ],
          [
           0.1111111111111111,
           "#46039f"
          ],
          [
           0.2222222222222222,
           "#7201a8"
          ],
          [
           0.3333333333333333,
           "#9c179e"
          ],
          [
           0.4444444444444444,
           "#bd3786"
          ],
          [
           0.5555555555555556,
           "#d8576b"
          ],
          [
           0.6666666666666666,
           "#ed7953"
          ],
          [
           0.7777777777777778,
           "#fb9f3a"
          ],
          [
           0.8888888888888888,
           "#fdca26"
          ],
          [
           1,
           "#f0f921"
          ]
         ]
        },
        "margin": {
         "t": 60
        },
        "template": {
         "data": {
          "bar": [
           {
            "error_x": {
             "color": "#2a3f5f"
            },
            "error_y": {
             "color": "#2a3f5f"
            },
            "marker": {
             "line": {
              "color": "#E5ECF6",
              "width": 0.5
             },
             "pattern": {
              "fillmode": "overlay",
              "size": 10,
              "solidity": 0.2
             }
            },
            "type": "bar"
           }
          ],
          "barpolar": [
           {
            "marker": {
             "line": {
              "color": "#E5ECF6",
              "width": 0.5
             },
             "pattern": {
              "fillmode": "overlay",
              "size": 10,
              "solidity": 0.2
             }
            },
            "type": "barpolar"
           }
          ],
          "carpet": [
           {
            "aaxis": {
             "endlinecolor": "#2a3f5f",
             "gridcolor": "white",
             "linecolor": "white",
             "minorgridcolor": "white",
             "startlinecolor": "#2a3f5f"
            },
            "baxis": {
             "endlinecolor": "#2a3f5f",
             "gridcolor": "white",
             "linecolor": "white",
             "minorgridcolor": "white",
             "startlinecolor": "#2a3f5f"
            },
            "type": "carpet"
           }
          ],
          "choropleth": [
           {
            "colorbar": {
             "outlinewidth": 0,
             "ticks": ""
            },
            "type": "choropleth"
           }
          ],
          "contour": [
           {
            "colorbar": {
             "outlinewidth": 0,
             "ticks": ""
            },
            "colorscale": [
             [
              0,
              "#0d0887"
             ],
             [
              0.1111111111111111,
              "#46039f"
             ],
             [
              0.2222222222222222,
              "#7201a8"
             ],
             [
              0.3333333333333333,
              "#9c179e"
             ],
             [
              0.4444444444444444,
              "#bd3786"
             ],
             [
              0.5555555555555556,
              "#d8576b"
             ],
             [
              0.6666666666666666,
              "#ed7953"
             ],
             [
              0.7777777777777778,
              "#fb9f3a"
             ],
             [
              0.8888888888888888,
              "#fdca26"
             ],
             [
              1,
              "#f0f921"
             ]
            ],
            "type": "contour"
           }
          ],
          "contourcarpet": [
           {
            "colorbar": {
             "outlinewidth": 0,
             "ticks": ""
            },
            "type": "contourcarpet"
           }
          ],
          "heatmap": [
           {
            "colorbar": {
             "outlinewidth": 0,
             "ticks": ""
            },
            "colorscale": [
             [
              0,
              "#0d0887"
             ],
             [
              0.1111111111111111,
              "#46039f"
             ],
             [
              0.2222222222222222,
              "#7201a8"
             ],
             [
              0.3333333333333333,
              "#9c179e"
             ],
             [
              0.4444444444444444,
              "#bd3786"
             ],
             [
              0.5555555555555556,
              "#d8576b"
             ],
             [
              0.6666666666666666,
              "#ed7953"
             ],
             [
              0.7777777777777778,
              "#fb9f3a"
             ],
             [
              0.8888888888888888,
              "#fdca26"
             ],
             [
              1,
              "#f0f921"
             ]
            ],
            "type": "heatmap"
           }
          ],
          "heatmapgl": [
           {
            "colorbar": {
             "outlinewidth": 0,
             "ticks": ""
            },
            "colorscale": [
             [
              0,
              "#0d0887"
             ],
             [
              0.1111111111111111,
              "#46039f"
             ],
             [
              0.2222222222222222,
              "#7201a8"
             ],
             [
              0.3333333333333333,
              "#9c179e"
             ],
             [
              0.4444444444444444,
              "#bd3786"
             ],
             [
              0.5555555555555556,
              "#d8576b"
             ],
             [
              0.6666666666666666,
              "#ed7953"
             ],
             [
              0.7777777777777778,
              "#fb9f3a"
             ],
             [
              0.8888888888888888,
              "#fdca26"
             ],
             [
              1,
              "#f0f921"
             ]
            ],
            "type": "heatmapgl"
           }
          ],
          "histogram": [
           {
            "marker": {
             "pattern": {
              "fillmode": "overlay",
              "size": 10,
              "solidity": 0.2
             }
            },
            "type": "histogram"
           }
          ],
          "histogram2d": [
           {
            "colorbar": {
             "outlinewidth": 0,
             "ticks": ""
            },
            "colorscale": [
             [
              0,
              "#0d0887"
             ],
             [
              0.1111111111111111,
              "#46039f"
             ],
             [
              0.2222222222222222,
              "#7201a8"
             ],
             [
              0.3333333333333333,
              "#9c179e"
             ],
             [
              0.4444444444444444,
              "#bd3786"
             ],
             [
              0.5555555555555556,
              "#d8576b"
             ],
             [
              0.6666666666666666,
              "#ed7953"
             ],
             [
              0.7777777777777778,
              "#fb9f3a"
             ],
             [
              0.8888888888888888,
              "#fdca26"
             ],
             [
              1,
              "#f0f921"
             ]
            ],
            "type": "histogram2d"
           }
          ],
          "histogram2dcontour": [
           {
            "colorbar": {
             "outlinewidth": 0,
             "ticks": ""
            },
            "colorscale": [
             [
              0,
              "#0d0887"
             ],
             [
              0.1111111111111111,
              "#46039f"
             ],
             [
              0.2222222222222222,
              "#7201a8"
             ],
             [
              0.3333333333333333,
              "#9c179e"
             ],
             [
              0.4444444444444444,
              "#bd3786"
             ],
             [
              0.5555555555555556,
              "#d8576b"
             ],
             [
              0.6666666666666666,
              "#ed7953"
             ],
             [
              0.7777777777777778,
              "#fb9f3a"
             ],
             [
              0.8888888888888888,
              "#fdca26"
             ],
             [
              1,
              "#f0f921"
             ]
            ],
            "type": "histogram2dcontour"
           }
          ],
          "mesh3d": [
           {
            "colorbar": {
             "outlinewidth": 0,
             "ticks": ""
            },
            "type": "mesh3d"
           }
          ],
          "parcoords": [
           {
            "line": {
             "colorbar": {
              "outlinewidth": 0,
              "ticks": ""
             }
            },
            "type": "parcoords"
           }
          ],
          "pie": [
           {
            "automargin": true,
            "type": "pie"
           }
          ],
          "scatter": [
           {
            "fillpattern": {
             "fillmode": "overlay",
             "size": 10,
             "solidity": 0.2
            },
            "type": "scatter"
           }
          ],
          "scatter3d": [
           {
            "line": {
             "colorbar": {
              "outlinewidth": 0,
              "ticks": ""
             }
            },
            "marker": {
             "colorbar": {
              "outlinewidth": 0,
              "ticks": ""
             }
            },
            "type": "scatter3d"
           }
          ],
          "scattercarpet": [
           {
            "marker": {
             "colorbar": {
              "outlinewidth": 0,
              "ticks": ""
             }
            },
            "type": "scattercarpet"
           }
          ],
          "scattergeo": [
           {
            "marker": {
             "colorbar": {
              "outlinewidth": 0,
              "ticks": ""
             }
            },
            "type": "scattergeo"
           }
          ],
          "scattergl": [
           {
            "marker": {
             "colorbar": {
              "outlinewidth": 0,
              "ticks": ""
             }
            },
            "type": "scattergl"
           }
          ],
          "scattermapbox": [
           {
            "marker": {
             "colorbar": {
              "outlinewidth": 0,
              "ticks": ""
             }
            },
            "type": "scattermapbox"
           }
          ],
          "scatterpolar": [
           {
            "marker": {
             "colorbar": {
              "outlinewidth": 0,
              "ticks": ""
             }
            },
            "type": "scatterpolar"
           }
          ],
          "scatterpolargl": [
           {
            "marker": {
             "colorbar": {
              "outlinewidth": 0,
              "ticks": ""
             }
            },
            "type": "scatterpolargl"
           }
          ],
          "scatterternary": [
           {
            "marker": {
             "colorbar": {
              "outlinewidth": 0,
              "ticks": ""
             }
            },
            "type": "scatterternary"
           }
          ],
          "surface": [
           {
            "colorbar": {
             "outlinewidth": 0,
             "ticks": ""
            },
            "colorscale": [
             [
              0,
              "#0d0887"
             ],
             [
              0.1111111111111111,
              "#46039f"
             ],
             [
              0.2222222222222222,
              "#7201a8"
             ],
             [
              0.3333333333333333,
              "#9c179e"
             ],
             [
              0.4444444444444444,
              "#bd3786"
             ],
             [
              0.5555555555555556,
              "#d8576b"
             ],
             [
              0.6666666666666666,
              "#ed7953"
             ],
             [
              0.7777777777777778,
              "#fb9f3a"
             ],
             [
              0.8888888888888888,
              "#fdca26"
             ],
             [
              1,
              "#f0f921"
             ]
            ],
            "type": "surface"
           }
          ],
          "table": [
           {
            "cells": {
             "fill": {
              "color": "#EBF0F8"
             },
             "line": {
              "color": "white"
             }
            },
            "header": {
             "fill": {
              "color": "#C8D4E3"
             },
             "line": {
              "color": "white"
             }
            },
            "type": "table"
           }
          ]
         },
         "layout": {
          "annotationdefaults": {
           "arrowcolor": "#2a3f5f",
           "arrowhead": 0,
           "arrowwidth": 1
          },
          "autotypenumbers": "strict",
          "coloraxis": {
           "colorbar": {
            "outlinewidth": 0,
            "ticks": ""
           }
          },
          "colorscale": {
           "diverging": [
            [
             0,
             "#8e0152"
            ],
            [
             0.1,
             "#c51b7d"
            ],
            [
             0.2,
             "#de77ae"
            ],
            [
             0.3,
             "#f1b6da"
            ],
            [
             0.4,
             "#fde0ef"
            ],
            [
             0.5,
             "#f7f7f7"
            ],
            [
             0.6,
             "#e6f5d0"
            ],
            [
             0.7,
             "#b8e186"
            ],
            [
             0.8,
             "#7fbc41"
            ],
            [
             0.9,
             "#4d9221"
            ],
            [
             1,
             "#276419"
            ]
           ],
           "sequential": [
            [
             0,
             "#0d0887"
            ],
            [
             0.1111111111111111,
             "#46039f"
            ],
            [
             0.2222222222222222,
             "#7201a8"
            ],
            [
             0.3333333333333333,
             "#9c179e"
            ],
            [
             0.4444444444444444,
             "#bd3786"
            ],
            [
             0.5555555555555556,
             "#d8576b"
            ],
            [
             0.6666666666666666,
             "#ed7953"
            ],
            [
             0.7777777777777778,
             "#fb9f3a"
            ],
            [
             0.8888888888888888,
             "#fdca26"
            ],
            [
             1,
             "#f0f921"
            ]
           ],
           "sequentialminus": [
            [
             0,
             "#0d0887"
            ],
            [
             0.1111111111111111,
             "#46039f"
            ],
            [
             0.2222222222222222,
             "#7201a8"
            ],
            [
             0.3333333333333333,
             "#9c179e"
            ],
            [
             0.4444444444444444,
             "#bd3786"
            ],
            [
             0.5555555555555556,
             "#d8576b"
            ],
            [
             0.6666666666666666,
             "#ed7953"
            ],
            [
             0.7777777777777778,
             "#fb9f3a"
            ],
            [
             0.8888888888888888,
             "#fdca26"
            ],
            [
             1,
             "#f0f921"
            ]
           ]
          },
          "colorway": [
           "#636efa",
           "#EF553B",
           "#00cc96",
           "#ab63fa",
           "#FFA15A",
           "#19d3f3",
           "#FF6692",
           "#B6E880",
           "#FF97FF",
           "#FECB52"
          ],
          "font": {
           "color": "#2a3f5f"
          },
          "geo": {
           "bgcolor": "white",
           "lakecolor": "white",
           "landcolor": "#E5ECF6",
           "showlakes": true,
           "showland": true,
           "subunitcolor": "white"
          },
          "hoverlabel": {
           "align": "left"
          },
          "hovermode": "closest",
          "mapbox": {
           "style": "light"
          },
          "paper_bgcolor": "white",
          "plot_bgcolor": "#E5ECF6",
          "polar": {
           "angularaxis": {
            "gridcolor": "white",
            "linecolor": "white",
            "ticks": ""
           },
           "bgcolor": "#E5ECF6",
           "radialaxis": {
            "gridcolor": "white",
            "linecolor": "white",
            "ticks": ""
           }
          },
          "scene": {
           "xaxis": {
            "backgroundcolor": "#E5ECF6",
            "gridcolor": "white",
            "gridwidth": 2,
            "linecolor": "white",
            "showbackground": true,
            "ticks": "",
            "zerolinecolor": "white"
           },
           "yaxis": {
            "backgroundcolor": "#E5ECF6",
            "gridcolor": "white",
            "gridwidth": 2,
            "linecolor": "white",
            "showbackground": true,
            "ticks": "",
            "zerolinecolor": "white"
           },
           "zaxis": {
            "backgroundcolor": "#E5ECF6",
            "gridcolor": "white",
            "gridwidth": 2,
            "linecolor": "white",
            "showbackground": true,
            "ticks": "",
            "zerolinecolor": "white"
           }
          },
          "shapedefaults": {
           "line": {
            "color": "#2a3f5f"
           }
          },
          "ternary": {
           "aaxis": {
            "gridcolor": "white",
            "linecolor": "white",
            "ticks": ""
           },
           "baxis": {
            "gridcolor": "white",
            "linecolor": "white",
            "ticks": ""
           },
           "bgcolor": "#E5ECF6",
           "caxis": {
            "gridcolor": "white",
            "linecolor": "white",
            "ticks": ""
           }
          },
          "title": {
           "x": 0.05
          },
          "xaxis": {
           "automargin": true,
           "gridcolor": "white",
           "linecolor": "white",
           "ticks": "",
           "title": {
            "standoff": 15
           },
           "zerolinecolor": "white",
           "zerolinewidth": 2
          },
          "yaxis": {
           "automargin": true,
           "gridcolor": "white",
           "linecolor": "white",
           "ticks": "",
           "title": {
            "standoff": 15
           },
           "zerolinecolor": "white",
           "zerolinewidth": 2
          }
         }
        },
        "xaxis": {
         "anchor": "y",
         "autorange": true,
         "constrain": "domain",
         "domain": [
          0.25225225225225223,
          0.7477477477477478
         ],
         "range": [
          -0.5,
          14.5
         ],
         "scaleanchor": "y",
         "type": "category"
        },
        "yaxis": {
         "anchor": "x",
         "autorange": true,
         "constrain": "domain",
         "domain": [
          0,
          1
         ],
         "range": [
          14.5,
          -0.5
         ],
         "type": "category"
        }
       }
      },
